     0/299     4.99G   0.08181   0.03054         0    0.1123        11       960 0.0004586   0.06154 3.627e-05 1.052e-05    0.1168   0.02489         0
     1/299     6.62G   0.07804   0.01799         0   0.09603        12       960 0.0004865   0.07692 5.322e-05 1.125e-05    0.1156   0.01879         0
     2/299     6.62G   0.07184   0.01372         0   0.08555         8       960 0.0002316   0.01538 1.382e-05 2.877e-06    0.1016   0.01704         0
     3/299     6.62G   0.06771     0.012         0   0.07971         7       960   0.00185   0.01538 0.0001929 2.712e-05   0.09315   0.01588         0
     4/299     6.62G   0.06232   0.01107         0   0.07339        11       960   0.01482   0.06154  0.003911  0.001123   0.09213   0.01482         0
     5/299     6.62G   0.05808   0.01056         0   0.06864         5       960   0.08068    0.4615   0.05806   0.01192   0.08449   0.01548         0
     6/299     6.62G   0.05295   0.01056         0    0.0635         4       960    0.1777    0.2923   0.08248   0.01376   0.07103   0.01659         0
     7/299     6.62G   0.04956   0.01032         0   0.05988         8       960    0.3173    0.2931    0.1985   0.03265   0.07081   0.01606         0
     8/299     6.62G   0.05025  0.009474         0   0.05972         6       960    0.6053    0.4615    0.4635    0.1585   0.05977   0.01699         0
     9/299     6.62G   0.04719  0.009654         0   0.05684        10       960     0.753    0.6615    0.6161    0.1689   0.06264   0.01588         0
    10/299     6.62G     0.044  0.009805         0   0.05381        11       960    0.4688    0.6308    0.4934    0.1527   0.05526   0.01667         0
    11/299     6.62G    0.0443  0.009326         0   0.05363         9       960     0.517       0.6    0.5374    0.1632   0.06056   0.01613         0
    12/299     6.62G   0.04493  0.008592         0   0.05352         7       960    0.7086    0.6769    0.7095    0.2056   0.05622    0.0153         0
    13/299     6.62G    0.0415  0.008376         0   0.04988        11       960    0.5508    0.9999    0.6722    0.2315     0.063   0.01317         0
    14/299     6.62G   0.04663  0.008096         0   0.05473         9       960    0.6901    0.6853    0.7494    0.3234   0.05878   0.01365         0
    15/299     6.62G   0.04039  0.007358         0   0.04775         6       960    0.4298    0.9538    0.5891    0.2362   0.06379   0.01265         0
    16/299     6.62G   0.04264  0.007408         0   0.05005        11       960    0.5505    0.9692    0.7325    0.3402   0.06129   0.01292         0
    17/299     6.62G   0.04154  0.007511         0   0.04905        12       960     0.904    0.9692    0.9628    0.5603   0.06615   0.01183         0
    18/299     6.62G   0.03926  0.006804         0   0.04607        11       960    0.6797    0.6308    0.6586    0.2462   0.07064   0.01127         0
    19/299     6.62G   0.04211  0.006715         0   0.04882        11       960    0.7779    0.6923    0.7833    0.1727   0.07844   0.01074         0
    20/299     6.62G   0.03544  0.006656         0    0.0421        17       960    0.9051    0.7338     0.771    0.4467   0.06891   0.01139         0
    21/299     6.62G   0.03608  0.006924         0     0.043         9       960    0.9538         1    0.9906    0.3267   0.07742  0.009723         0
    22/299     6.62G   0.03168  0.006734         0   0.03842         8       960    0.9241    0.9371    0.9682    0.4046   0.06617   0.01113         0
    23/299     6.62G   0.03683  0.005905         0   0.04274         8       960    0.9772    0.9077    0.9713    0.4679   0.06816    0.0103         0
    24/299     6.62G   0.03746  0.005535         0     0.043         4       960         1    0.7375    0.8322    0.5683   0.06465   0.01011         0
    25/299     6.62G   0.03558  0.005706         0   0.04129         7       960    0.9796    0.7383    0.8341    0.3312   0.06783   0.01033         0
    26/299     6.62G   0.04039  0.005663         0   0.04605         9       960    0.8286    0.9077    0.8993     0.557   0.05849    0.0108         0
    27/299     6.62G   0.03886  0.005864         0   0.04473         6       960    0.9845         1    0.9937     0.601   0.06467   0.01016         0
    28/299     6.62G    0.0423  0.005177         0   0.04747         7       960         1    0.7384    0.8001    0.4741   0.06264   0.01001         0
    29/299     6.62G   0.02734  0.005907         0   0.03324        12       960         1    0.7384    0.8943    0.6068   0.06037  0.009782         0
    30/299     6.62G   0.03039   0.00547         0   0.03586        11       960    0.9998    0.7385    0.8905    0.5922   0.05878   0.01007         0
    31/299     6.62G   0.03535  0.004961         0   0.04031        12       960    0.9997    0.7385    0.8344    0.5262    0.0599  0.009748         0
    32/299     6.62G   0.03347  0.005108         0   0.03858         9       960    0.9999    0.7385    0.8599    0.5783   0.06102  0.009273         0
    33/299     6.62G   0.03788  0.005046         0   0.04293        10       960    0.9263         1    0.9852    0.4989   0.06098  0.009033         0
    34/299     6.62G    0.0312   0.00452         0   0.03571         7       960    0.9848    0.9993    0.9946    0.6366   0.06378   0.00852         0
    35/299     6.62G   0.02943  0.004398         0   0.03383         8       960    0.9993         1    0.9951    0.5789     0.062  0.008514         0
    36/299     6.62G   0.03577  0.004609         0   0.04037        11       960    0.9998         1    0.9951    0.7834   0.05784   0.00855         0
    37/299     6.62G   0.03106  0.004518         0   0.03558         8       960    0.9997         1    0.9951    0.5562   0.06254  0.008453         0
    38/299     6.62G   0.02909  0.004267         0   0.03335         9       960    0.9999         1    0.9951    0.7384   0.06061  0.008231         0
    39/299     6.62G   0.02761  0.004362         0   0.03197        16       960         1    0.9999    0.9951     0.568   0.05984  0.007972         0
    40/299     6.62G   0.03367  0.004001         0   0.03767        13       960         1         1    0.9951    0.6653   0.05973  0.007792         0
    41/299     6.62G     0.029  0.003843         0   0.03285        10       960    0.9999         1    0.9951    0.6882   0.05984  0.007867         0
    42/299     6.62G   0.02924  0.004223         0   0.03346         8       960    0.9999         1    0.9951     0.641   0.06116  0.007818         0
    43/299     6.62G   0.02728  0.003441         0   0.03072         6       960    0.9999         1    0.9951    0.5665   0.06043  0.007901         0
    44/299     6.62G   0.02494  0.003652         0   0.02859        10       960         1         1    0.9951    0.6394   0.05958  0.007952         0
    45/299     6.62G   0.02695  0.003974         0   0.03092        11       960         1    0.9999    0.9951    0.5885   0.06058  0.007732         0
    46/299     6.62G   0.02532  0.003695         0   0.02901         6       960    0.9847         1     0.995    0.7439   0.05829  0.007725         0
    47/299     6.62G   0.02698  0.003677         0   0.03065        11       960         1    0.9999    0.9951    0.6645   0.06203  0.007232         0
    48/299     6.62G   0.02756  0.003559         0   0.03112         9       960         1         1    0.9951    0.8145   0.05904  0.007292         0
    49/299     6.62G   0.02923  0.003605         0   0.03284         9       960         1    0.9999    0.9951    0.5775   0.05914  0.007433         0
    50/299     6.62G   0.02583  0.003342         0   0.02917         8       960         1         1    0.9951    0.7869   0.06044  0.007349         0
    51/299     6.62G   0.03116  0.003568         0   0.03473         8       960    0.9999         1    0.9951    0.7045    0.0575  0.007247         0
    52/299     6.62G   0.02547  0.003392         0   0.02887         7       960    0.9999         1    0.9951    0.7672   0.05904  0.007096         0
    53/299     6.62G   0.02931  0.003117         0   0.03243        10       960         1         1    0.9951    0.8414   0.05763  0.007023         0
    54/299     6.62G   0.02622   0.00331         0   0.02953         7       960         1         1    0.9951    0.6694   0.05625  0.007172         0
    55/299     6.62G    0.0308  0.003302         0    0.0341         9       960         1         1    0.9951    0.8341   0.05749  0.007141         0
    56/299     6.62G    0.0305  0.003098         0    0.0336         8       960         1         1    0.9952    0.7449   0.05594  0.007208         0
    57/299     6.62G   0.02713  0.003156         0   0.03028         9       960         1         1    0.9952    0.7843   0.05648  0.007294         0
    58/299     6.62G   0.03167  0.003281         0   0.03496         8       960    0.9848         1    0.9929    0.7161   0.05712  0.008253         0
    59/299     6.62G   0.02962  0.003268         0   0.03288        12       960         1         1    0.9951    0.6833   0.05364  0.008237         0
    60/299     6.62G   0.03041  0.003108         0   0.03352        13       960         1         1    0.9952    0.6866   0.04898  0.008419         0
    61/299     6.62G   0.03141  0.003412         0   0.03483         9       960         1         1    0.9952    0.7518   0.04621  0.009182         0
    62/299     6.62G   0.03107  0.003296         0   0.03437         8       960         1         1    0.9952    0.7304   0.04656  0.009157         0
    63/299     6.62G   0.03281  0.003261         0   0.03607        11       960         1         1    0.9953    0.7503   0.05077  0.008316         0
    64/299     6.62G   0.02818  0.003343         0   0.03153         9       960    0.9538    0.9538    0.9632    0.5114   0.04785  0.009773         0
    65/299     6.62G     0.028  0.003278         0   0.03128        14       960         1         1    0.9952    0.6222    0.0526  0.008427         0
    66/299     6.62G   0.03161  0.003145         0   0.03475         7       960         1         1    0.9952    0.7549   0.04533  0.008546         0
    67/299     6.62G   0.02774  0.003052         0   0.03079         9       960         1         1    0.9952    0.6934   0.04748  0.008702         0
    68/299     6.62G   0.03088  0.003171         0   0.03405         8       960         1         1    0.9953    0.7772   0.04293  0.008994         0
    69/299     6.62G   0.03244  0.003312         0   0.03575        14       960         1         1    0.9953    0.7732   0.04778   0.00772         0
    70/299     6.62G   0.03008  0.003296         0   0.03338        10       960         1         1    0.9954    0.8002   0.04225  0.009115         0
    71/299     6.62G   0.02732  0.003114         0   0.03043         7       960         1         1    0.9954    0.6881   0.04466  0.008751         0
    72/299     6.62G    0.0289   0.00315         0   0.03205         9       960         1         1    0.9954    0.8082   0.04204  0.009218         0
    73/299     6.62G   0.02794  0.003186         0   0.03113         8       960         1         1    0.9954    0.7763   0.04457  0.008132         0
    74/299     6.62G   0.02849  0.003024         0   0.03151         6       960         1         1    0.9953    0.8202   0.04406  0.007797         0
    75/299     6.62G   0.02518  0.002983         0   0.02816        10       960         1         1    0.9953    0.8182   0.04481  0.007676         0
    76/299     6.62G     0.027   0.00299         0      0.03         9       960         1         1    0.9954    0.8028   0.04368   0.00784         0
    77/299     6.62G   0.02635  0.003043         0   0.02939         5       960         1         1    0.9954    0.7216   0.04755  0.007532         0
    78/299     6.62G   0.02526  0.003121         0   0.02838         8       960         1         1    0.9953    0.8034   0.04543  0.007364         0
    79/299     6.62G   0.02481  0.003208         0   0.02802        14       960         1         1    0.9954     0.778   0.04629  0.007466         0
    80/299     6.62G   0.02819  0.003181         0   0.03137         7       960         1         1    0.9954    0.7987   0.04356  0.007629         0
    81/299     6.62G   0.02127  0.003052         0   0.02432        12       960         1         1    0.9954    0.7024   0.04777  0.007508         0
    82/299     6.62G   0.02365  0.003541         0   0.02719        12       960         1         1    0.9954    0.7151   0.04681  0.007752         0
    83/299     6.62G   0.02361  0.003131         0   0.02675         5       960         1         1    0.9954    0.8598   0.04532  0.007617         0
    84/299     6.62G   0.02304  0.003135         0   0.02618        10       960         1         1    0.9955    0.7882   0.04704  0.007116         0
    85/299     6.62G   0.02247  0.003411         0   0.02588        12       960         1         1    0.9955    0.8467   0.04552  0.007041         0
    86/299     6.62G   0.02158  0.003001         0   0.02458        11       960         1         1    0.9955    0.7562   0.04514  0.007417         0
    87/299     6.62G   0.02417  0.002975         0   0.02715         7       960         1         1    0.9955    0.8644   0.04419  0.007192         0
    88/299     6.62G   0.02435  0.003059         0   0.02741        10       960         1         1    0.9956    0.8221   0.04347  0.007346         0
    89/299     6.62G   0.02095  0.003092         0   0.02404        14       960         1         1    0.9956    0.8416   0.04375  0.007312         0
    90/299     6.62G   0.02268   0.00322         0    0.0259         9       960         1         1    0.9956    0.8472   0.04148  0.007694         0
    91/299     6.62G    0.0212  0.003011         0   0.02421         8       960         1         1    0.9956    0.7903   0.03954  0.008057         0
    92/299     6.62G   0.02207  0.003096         0   0.02516         8       960         1         1    0.9957    0.8363   0.03489  0.009128         0
    93/299     6.62G   0.02238  0.003094         0   0.02547         7       960         1         1    0.9956    0.7227   0.03632  0.008924         0
    94/299     6.62G   0.02372  0.003133         0   0.02685         7       960         1         1    0.9957    0.8037   0.03298  0.009348         0
    95/299     6.62G   0.02305  0.003046         0   0.02609        11       960         1         1    0.9957    0.8109   0.03236  0.009538         0
    96/299     6.62G   0.02321  0.003239         0   0.02645        11       960         1         1    0.9957    0.8545   0.03123  0.009326         0
    97/299     6.62G   0.02288  0.003319         0    0.0262        11       960         1         1    0.9958    0.8585   0.03188  0.009805         0
    98/299     6.62G   0.02273  0.003248         0   0.02598         9       960         1         1    0.9957    0.8057   0.03167  0.009667         0
    99/299     6.62G   0.02178  0.003437         0   0.02522         9       960         1         1    0.9958    0.8596   0.03042  0.009836         0
   100/299     6.62G   0.02262  0.003627         0   0.02625        13       960         1         1    0.9958    0.8272    0.0313  0.009855         0
   101/299     6.62G   0.02067  0.003419         0   0.02409        14       960         1         1    0.9959    0.8591   0.03078   0.01007         0
   102/299     6.62G   0.02117  0.003316         0   0.02448         8       960         1         1    0.9958    0.8712   0.02852  0.009979         0
   103/299     6.62G   0.02093  0.003487         0   0.02441        12       960         1         1     0.996    0.8328   0.02832   0.01028         0
   104/299     6.62G   0.02189   0.00339         0   0.02528        12       960         1         1     0.996    0.8699   0.02559   0.01054         0
   105/299     6.62G   0.02125  0.003627         0   0.02488         9       960         1         1    0.9958    0.7973   0.02665   0.01085         0
   106/299     6.62G     0.019  0.003327         0   0.02232         7       960         1         1    0.9958    0.8445   0.02544   0.01064         0
   107/299     6.62G   0.02041  0.003248         0   0.02366         8       960         1         1    0.9959    0.8002   0.02668   0.01058         0
   108/299     6.62G   0.01961  0.003536         0   0.02314         8       960         1         1    0.9959    0.8333   0.02335   0.01077         0
   109/299     6.62G    0.0198  0.003446         0   0.02325         6       960         1         1    0.9958    0.8184   0.02392   0.01075         0
   110/299     6.62G   0.01815  0.003377         0   0.02153         6       960         1         1    0.9956     0.853   0.02295   0.01056         0
   111/299     6.62G   0.01986   0.00366         0   0.02352         9       960         1         1    0.9957    0.7979   0.02428   0.01062         0
   112/299     6.62G   0.01775  0.003312         0   0.02106        16       960         1         1    0.9958    0.8056   0.02351   0.01072         0
   113/299     6.62G   0.01822  0.003617         0   0.02184        13       960         1         1    0.9958    0.7665   0.02581   0.01071         0
   114/299     6.62G   0.01766  0.003504         0   0.02116         9       960         1         1    0.9958     0.841   0.02368   0.01045         0
   115/299     6.62G   0.01854   0.00368         0   0.02222        10       960         1         1    0.9957    0.7976   0.02495   0.01056         0
   116/299     6.62G   0.01827  0.003235         0    0.0215         8       960         1         1    0.9957    0.8117   0.02433   0.01073         0
   117/299     6.62G   0.01743  0.003638         0   0.02107         5       960         1         1    0.9959    0.8309   0.02426   0.01066         0
   118/299     6.62G   0.01787  0.003113         0   0.02098         7       960         1         1     0.996    0.8268   0.02435   0.01062         0
   119/299     6.62G   0.01828   0.00358         0   0.02186        15       960         1         1    0.9961    0.7685   0.02616   0.01043         0
   120/299     6.62G   0.01725  0.003524         0   0.02077        13       960         1         1    0.9962    0.8197    0.0241   0.01036         0
   121/299     6.62G   0.01839  0.003253         0   0.02164        11       960         1         1    0.9962    0.7935   0.02523   0.01062         0
   122/299     6.62G   0.01803  0.003636         0   0.02167         8       960         1         1     0.996    0.8734   0.02111    0.0107         0
   123/299     6.62G    0.0177  0.003326         0   0.02103         8       960         1         1     0.996     0.807   0.02536   0.01051         0
   124/299     6.62G    0.0172  0.003474         0   0.02067        13       960         1         1     0.996     0.826   0.02284   0.01039         0
   125/299     6.62G   0.01724  0.003739         0   0.02098         7       960         1         1    0.9959    0.8511   0.02321   0.01025         0
   126/299     6.62G   0.01604  0.003424         0   0.01946         8       960         1         1    0.9958    0.8545   0.02208   0.01026         0
   127/299     6.62G   0.01632  0.003654         0   0.01997         9       960         1         1    0.9959    0.8225   0.02427   0.01017         0
   128/299     6.62G    0.0175  0.003613         0   0.02111         8       960         1         1    0.9958    0.8154   0.02354   0.01043         0
   129/299     6.62G   0.01667  0.003456         0   0.02013         8       960         1         1    0.9959    0.8432   0.02187   0.01041         0
   130/299     6.62G   0.01604  0.003552         0    0.0196        14       960         1         1    0.9959    0.8627   0.02299   0.01007         0
   131/299     6.62G   0.01735  0.003251         0    0.0206         9       960         1         1     0.996    0.7831   0.02546   0.01013         0
   132/299     6.62G   0.01719   0.00387         0   0.02106        14       960         1         1     0.996    0.8459   0.02201   0.01022         0
   133/299     6.62G   0.01628  0.003427         0   0.01971        13       960         1         1    0.9961    0.8133   0.02262   0.01045         0
   134/299     6.62G    0.0158   0.00356         0   0.01936         7       960         1         1     0.996     0.838   0.02256  0.009994         0
   135/299     6.62G   0.01535  0.003271         0   0.01862        11       960         1         1     0.996    0.8083   0.02454  0.009756         0
   136/299     6.62G   0.01701  0.003222         0   0.02024         9       960         1         1    0.9961    0.8634   0.02317  0.009858         0
   137/299     6.62G   0.01669  0.003735         0   0.02043        12       960         1         1    0.9961    0.8793   0.02185   0.00996         0
   138/299     6.62G   0.01535  0.003462         0   0.01881        12       960         1         1    0.9961    0.8818   0.02157  0.009897         0
   139/299     6.62G   0.01647  0.003609         0   0.02008        19       960         1         1    0.9961    0.8293   0.02291   0.01005         0
   140/299     6.62G   0.01658  0.003466         0   0.02005         8       960         1         1    0.9962    0.8446   0.02307  0.009935         0
   141/299     6.62G    0.0158  0.003399         0    0.0192        12       960         1         1    0.9963    0.8633   0.02316  0.009735         0
   142/299     6.62G   0.01347  0.003265         0   0.01674         6       960         1         1    0.9963    0.8664   0.02202  0.009746         0
   143/299     6.62G   0.01541  0.003556         0   0.01897        10       960         1         1    0.9963    0.8098   0.02292  0.009999         0
   144/299     6.62G   0.01595  0.003732         0   0.01968        11       960         1         1    0.9964    0.8614   0.02068   0.01008         0
   145/299     6.62G   0.01493  0.003398         0   0.01832         4       960         1         1    0.9963    0.8359   0.02324  0.009833         0
   146/299     6.62G   0.01498  0.003464         0   0.01844        10       960         1         1    0.9963    0.8616   0.02213  0.009882         0
   147/299     6.62G   0.01509   0.00344         0   0.01853         8       960         1         1    0.9962    0.8026   0.02386   0.01009         0
   148/299     6.62G   0.01523  0.003192         0   0.01842         7       960         1         1    0.9965    0.7903   0.02175    0.0103         0
   149/299     6.62G   0.01477  0.003712         0   0.01849        12       960         1         1    0.9963    0.8303   0.02199   0.01017         0
   150/299     6.62G   0.01418  0.004056         0   0.01823        14       960         1         1    0.9962    0.8591    0.0213  0.009917         0
   151/299     6.62G   0.01471  0.003816         0   0.01853        11       960         1         1    0.9962    0.8076   0.02247  0.009851         0
   152/299     6.62G   0.01492  0.003451         0   0.01837         9       960         1         1    0.9962    0.8472   0.02252  0.009533         0
   153/299     6.62G   0.01413   0.00359         0   0.01772         9       960         1         1    0.9961    0.8101   0.02274  0.009818         0
   154/299     6.62G   0.01367  0.003535         0   0.01721        12       960         1         1    0.9961    0.8558   0.02186   0.00969         0
   155/299     6.62G   0.01419  0.003281         0   0.01747         8       960         1         1    0.9962    0.8297    0.0233  0.009645         0
   156/299     6.62G   0.01452  0.003226         0   0.01774        13       960         1         1    0.9963    0.8443   0.02152  0.009754         0
   157/299     6.62G   0.01366  0.003498         0   0.01716        18       960         1         1    0.9964    0.8296   0.02344  0.009786         0
   158/299     6.62G   0.01297  0.003731         0    0.0167        15       960         1         1    0.9964    0.8192   0.02246  0.009954         0
   159/299     6.62G   0.01389  0.003358         0   0.01724         7       960         1         1    0.9964    0.8369   0.02168  0.009838         0
   160/299     6.62G   0.01326  0.003315         0   0.01658        12       960         1         1    0.9963    0.8484   0.02082  0.009722         0
   161/299     6.62G   0.01318  0.003184         0   0.01636        11       960         1         1    0.9964    0.8046   0.02255  0.009665         0
   162/299     6.62G   0.01449  0.002995         0   0.01749         7       960         1         1    0.9963    0.8098   0.02221  0.009643         0
   163/299     6.62G   0.01322  0.002962         0   0.01618         6       960         1         1    0.9963    0.8171   0.02207  0.009491         0
   164/299     6.62G   0.01388   0.00335         0   0.01723        11       960         1         1    0.9963    0.7795   0.02326  0.009489         0
   165/299     6.62G   0.01426  0.003124         0   0.01739        11       960         1         1    0.9963    0.8027   0.02209  0.009657         0
   166/299     6.62G   0.01275   0.00353         0   0.01628        10       960         1         1    0.9964    0.8122   0.02234  0.009622         0
   167/299     6.62G   0.01346  0.003121         0   0.01658         8       960         1         1    0.9966    0.8503   0.02141  0.009506         0
   168/299     6.62G   0.01393  0.003275         0    0.0172        16       960         1         1    0.9966    0.8374   0.02118  0.009676         0
   169/299     6.62G   0.01268  0.002993         0   0.01568         6       960         1         1    0.9967     0.833    0.0217  0.009667         0
   170/299     6.62G   0.01251   0.00319         0    0.0157         6       960         1         1    0.9965    0.8355   0.02187  0.009675         0
   171/299     6.62G   0.01259  0.003209         0    0.0158         8       960         1         1    0.9964    0.8573   0.02117  0.009551         0
   172/299     6.62G    0.0133  0.003642         0   0.01694         8       960         1         1    0.9965    0.8331   0.02057  0.009751         0
   173/299     6.62G   0.01247  0.003353         0   0.01582         3       960         1         1    0.9966    0.8285   0.02195  0.009702         0
   174/299     6.62G   0.01256  0.003216         0   0.01578         9       960         1         1    0.9967    0.8083   0.02178  0.009685         0
   175/299     6.62G   0.01304  0.003155         0   0.01619         6       960         1         1    0.9965    0.8443   0.02104  0.009685         0
   176/299     6.62G   0.01338  0.003213         0   0.01659        12       960         1         1    0.9962    0.8162   0.02175  0.009625         0
   177/299     6.62G   0.01225  0.003288         0   0.01554         9       960         1         1    0.9961    0.8295   0.02127  0.009673         0
   178/299     6.62G   0.01254  0.003025         0   0.01556        19       960         1         1    0.9962    0.8178   0.02203  0.009411         0
   179/299     6.62G   0.01243   0.00292         0   0.01535        10       960         1         1    0.9962    0.8119   0.02239  0.009487         0
   180/299     6.62G   0.01274  0.003325         0   0.01606         6       960         1         1    0.9963      0.83   0.02129  0.009619         0
   181/299     6.62G   0.01252  0.003025         0   0.01555         5       960         1         1    0.9963     0.838   0.02249   0.00958         0
   182/299     6.62G   0.01214  0.003087         0   0.01523        10       960         1         1    0.9962    0.8279     0.022  0.009637         0
   183/299     6.62G   0.01251  0.003461         0   0.01598         8       960         1         1    0.9962    0.8038   0.02181  0.009665         0
   184/299     6.62G   0.01181  0.002998         0   0.01481        13       960         1         1    0.9962     0.811   0.02161  0.009597         0
   185/299     6.62G   0.01125  0.003171         0   0.01442        18       960         1         1    0.9962    0.8233   0.02143  0.009502         0
   186/299     6.62G   0.01211  0.003112         0   0.01522         6       960         1         1    0.9962     0.807   0.02274  0.009399         0
   187/299     6.62G    0.0125  0.003414         0   0.01592         5       960         1         1    0.9962    0.7833   0.02328  0.009421         0
   188/299     6.62G   0.01192  0.002868         0   0.01479        12       960         1         1    0.9962    0.8196    0.0228  0.009466         0
   189/299     6.62G   0.01253  0.003207         0   0.01573        11       960         1         1    0.9962    0.8157   0.02171  0.009512         0
   190/299     6.62G    0.0127  0.003249         0   0.01595         9       960         1         1    0.9963    0.7977   0.02237  0.009354         0
   191/299     6.62G     0.012  0.002966         0   0.01496         4       960         1         1    0.9962    0.8331   0.02161   0.00921         0
   192/299     6.62G   0.01222  0.002978         0    0.0152        12       960         1         1    0.9962    0.8172   0.02175  0.009296         0
   193/299     6.62G   0.01212  0.003249         0   0.01537        11       960         1         1    0.9963    0.8195     0.022  0.009332         0
   194/299     6.62G   0.01158   0.00335         0   0.01493        10       960         1         1    0.9962    0.8104   0.02215  0.009439         0
   195/299     6.62G   0.01241  0.003218         0   0.01563         3       960         1         1    0.9962    0.7976   0.02254  0.009429         0
   196/299     6.62G   0.01288  0.003102         0   0.01599        11       960         1         1    0.9963    0.8233   0.02219  0.009269         0
   197/299     6.62G   0.01129  0.003053         0   0.01435         9       960         1         1    0.9963      0.81   0.02183   0.00926         0
   198/299     6.62G   0.01233  0.003101         0   0.01543         7       960         1         1    0.9962    0.8123   0.02224  0.009076         0
   199/299     6.62G   0.01238  0.003152         0   0.01553        12       960         1         1    0.9962    0.8178   0.02161  0.009146         0
   200/299     6.62G   0.01136  0.003032         0   0.01439        12       960         1         1    0.9962    0.8187   0.02172   0.00918         0
   201/299     6.62G    0.0114  0.003122         0   0.01452        12       960         1         1    0.9961    0.8223   0.02201  0.009177         0
   202/299     6.62G   0.01152   0.00287         0   0.01439        10       960         1         1    0.9961    0.7992   0.02365   0.00912         0
   203/299     6.62G   0.01204  0.003305         0   0.01535         7       960         1         1    0.9962    0.8041   0.02369  0.009094         0
   204/299     6.62G   0.01156   0.00333         0   0.01489        18       960         1         1    0.9962    0.8125   0.02347  0.009146         0
   205/299     6.62G     0.011  0.002971         0   0.01398         6       960         1         1    0.9961    0.8155   0.02316  0.009105         0
   206/299     6.62G   0.01211  0.002741         0   0.01485        10       960         1         1    0.9961    0.8034   0.02197  0.009276         0
   207/299     6.62G   0.01188  0.002992         0   0.01487         8       960         1         1    0.9961    0.7935     0.022  0.009249         0
   208/299     6.62G   0.01124  0.003178         0   0.01442         7       960         1         1    0.9961    0.8196   0.02173  0.009174         0
   209/299     6.62G    0.0114  0.002936         0   0.01433        11       960         1         1    0.9961    0.8274   0.02188  0.009091         0
   210/299     6.62G   0.01189  0.003001         0   0.01489        10       960         1         1    0.9961    0.8155    0.0214  0.009165         0
   211/299     6.62G   0.01114   0.00301         0   0.01415        14       960         1         1    0.9961    0.8021   0.02219  0.009142         0
   212/299     6.62G   0.01108  0.003145         0   0.01423         9       960         1         1    0.9961    0.8098   0.02207  0.009193         0
   213/299     6.62G    0.0113  0.002782         0   0.01408         9       960         1         1    0.9961    0.8044   0.02203  0.009149         0
   214/299     6.62G   0.01195  0.002995         0   0.01494         8       960         1         1    0.9961    0.8124   0.02155  0.009238         0
   215/299     6.62G   0.01128  0.003203         0   0.01449        12       960         1         1    0.9961    0.8118    0.0216  0.009323         0
   216/299     6.62G   0.01213  0.003075         0    0.0152        10       960         1         1     0.996    0.8002   0.02219  0.009238         0
   217/299     6.62G   0.01082  0.003027         0   0.01385        15       960         1         1     0.996    0.8097   0.02244  0.009148         0
   218/299     6.62G   0.01186   0.00283         0   0.01469        12       960         1         1     0.996    0.8035   0.02231  0.009121         0
   219/299     6.62G   0.01158  0.002802         0   0.01438         5       960         1         1     0.996     0.815   0.02209  0.009078         0
   220/299     6.62G   0.01159  0.002906         0    0.0145         8       960         1         1     0.996    0.8066   0.02205  0.009062         0
   221/299     6.62G   0.01036  0.002789         0   0.01315         6       960         1         1     0.996    0.8246   0.02164  0.009031         0
   222/299     6.62G    0.0107  0.002919         0   0.01362        10       960         1         1     0.996    0.8292   0.02132   0.00904         0
   223/299     6.62G   0.01061  0.002942         0   0.01355        13       960         1         1     0.996    0.8217   0.02101  0.009083         0
   224/299     6.62G   0.01067  0.002807         0   0.01347         8       960         1         1     0.996    0.8131   0.02129  0.009153         0
   225/299     6.62G   0.01111  0.003277         0   0.01439         6       960         1         1    0.9961    0.8151    0.0215   0.00917         0
   226/299     6.62G   0.01073  0.003075         0    0.0138         9       960         1         1    0.9961    0.7998   0.02159   0.00922         0
   227/299     6.62G   0.01198  0.003222         0    0.0152        25       960         1         1    0.9961    0.8159   0.02134  0.009167         0
   228/299     6.62G   0.01107  0.002875         0   0.01394         9       960         1         1     0.996    0.8284   0.02146  0.009136         0
   229/299     6.62G   0.01093  0.002854         0   0.01378         6       960         1         1    0.9961    0.8105   0.02182  0.009166         0
   230/299     6.62G   0.01127  0.002802         0   0.01407        10       960         1         1     0.996     0.818   0.02152  0.009265         0
   231/299     6.62G   0.01116  0.002678         0   0.01383         5       960         1         1     0.996    0.8161   0.02186  0.009139         0
   232/299     6.62G   0.01109    0.0029         0   0.01399         9       960         1         1     0.996    0.8231   0.02143   0.00915         0
   233/299     6.62G   0.01134   0.00297         0   0.01431         9       960         1         1     0.996     0.816   0.02143  0.009181         0
   234/299     6.62G   0.01112  0.002594         0   0.01372        12       960         1         1     0.996     0.803   0.02176  0.009111         0
   235/299     6.62G   0.01124   0.00309         0   0.01433         5       960         1         1     0.996    0.8289   0.02158  0.009022         0
   236/299     6.62G   0.01079  0.002754         0   0.01354         9       960         1         1     0.996    0.8247   0.02162  0.008946         0
   237/299     6.62G   0.01143  0.003016         0   0.01444         7       960         1         1     0.996    0.8065   0.02166  0.009068         0
   238/299     6.62G    0.0104  0.002993         0   0.01339         8       960         1         1     0.996    0.8116   0.02161  0.009067         0
   239/299     6.62G   0.01056   0.00286         0   0.01342        12       960         1         1     0.996    0.8034   0.02156  0.009076         0
   240/299     6.62G    0.0108   0.00305         0   0.01385        14       960         1         1    0.9959    0.8018   0.02163  0.009055         0
   241/299     6.62G   0.01115  0.003045         0    0.0142         9       960         1         1    0.9959       0.8   0.02145  0.009025         0
   242/299     6.62G   0.01068  0.002962         0   0.01364         9       960         1         1     0.996    0.8115   0.02103  0.009064         0
   243/299     6.62G   0.01004  0.002807         0   0.01284         9       960         1         1    0.9959     0.814     0.021  0.009016         0
   244/299     6.62G   0.01134  0.002731         0   0.01407         6       960         1         1    0.9959    0.8143   0.02161  0.008899         0
   245/299     6.62G   0.01054  0.002997         0   0.01354         9       960         1         1    0.9959    0.8075   0.02181  0.008852         0
   246/299     6.62G   0.01078  0.002956         0   0.01373        14       960         1         1    0.9959    0.7998   0.02157  0.008918         0
   247/299     6.62G   0.01184   0.00287         0   0.01471         9       960         1         1    0.9959     0.788   0.02169  0.008979         0
   248/299     6.62G   0.01033  0.002861         0   0.01319        10       960         1         1    0.9959    0.7893   0.02163  0.009042         0
   249/299     6.62G    0.0108  0.002939         0   0.01374        14       960         1         1    0.9959    0.7989   0.02158  0.009036         0
   250/299     6.62G   0.01074  0.002701         0   0.01344        10       960         1         1    0.9958    0.8025   0.02118  0.009052         0
   251/299     6.62G   0.01008  0.003007         0   0.01309         9       960         1         1    0.9958    0.8043   0.02137  0.009086         0
   252/299     6.62G   0.01043  0.002929         0   0.01336         4       960         1         1    0.9958    0.8073   0.02179  0.009034         0
   253/299     6.62G   0.01092  0.002646         0   0.01357         7       960         1         1    0.9958     0.803   0.02191  0.009058         0
   254/299     6.62G   0.01184   0.00264         0   0.01448         9       960         1         1    0.9958    0.8141   0.02192  0.009051         0
   255/299     6.62G   0.01048  0.002982         0   0.01346        13       960         1         1    0.9958    0.8195   0.02134  0.009081         0
   256/299     6.62G  0.009888   0.00249         0   0.01238         8       960         1         1    0.9958    0.8107   0.02137  0.009071         0
   257/299     6.62G   0.01065  0.002867         0   0.01352         6       960         1         1    0.9958    0.8109   0.02134  0.009077         0
   258/299     6.62G   0.01056  0.002674         0   0.01324         5       960         1         1    0.9958    0.8097   0.02133  0.009044         0
   259/299     6.62G    0.0102  0.003041         0   0.01325         8       960         1         1    0.9958    0.8077   0.02121   0.00905         0
   260/299     6.62G   0.01001  0.002793         0    0.0128         8       960         1         1    0.9958     0.809    0.0216   0.00897         0
   261/299     6.62G   0.01214  0.002768         0    0.0149         9       960         1         1    0.9958    0.8057   0.02183  0.008916         0
   262/299     6.62G   0.01038   0.00285         0   0.01323        14       960         1         1    0.9958    0.8151   0.02162  0.008898         0
   263/299     6.62G   0.01031  0.003052         0   0.01336         5       960         1         1    0.9958      0.81   0.02147  0.008933         0
   264/299     6.62G   0.01092  0.002537         0   0.01345         7       960         1         1    0.9958    0.8044   0.02116  0.008983         0
   265/299     6.62G   0.01129  0.003042         0   0.01433        16       960         1         1    0.9958    0.8085   0.02123  0.009012         0
   266/299     6.62G   0.01101  0.002519         0   0.01353         6       960         1         1    0.9958    0.8056   0.02123  0.009032         0
   267/299     6.62G   0.01077  0.002852         0   0.01362         8       960         1         1    0.9958    0.8123   0.02112   0.00905         0
   268/299     6.62G   0.01018  0.002647         0   0.01282         9       960         1         1    0.9958    0.8104   0.02125  0.009021         0
   269/299     6.62G   0.01048   0.00272         0    0.0132         7       960         1         1    0.9958     0.804    0.0215  0.008999         0
   270/299     6.62G    0.0103  0.002805         0   0.01311         6       960         1         1    0.9958    0.8093   0.02141  0.008971         0
   271/299     6.62G   0.01072  0.002446         0   0.01316         8       960         1         1    0.9958    0.8069   0.02155  0.008935         0
   272/299     6.62G    0.0104  0.002645         0   0.01304         8       960         1         1    0.9958    0.8089    0.0216  0.008901         0
   273/299     6.62G   0.01073  0.002739         0   0.01347        12       960         1         1    0.9957    0.8133   0.02159  0.008876         0
   274/299     6.62G   0.01154  0.002773         0   0.01431         7       960         1         1    0.9958    0.8164   0.02148  0.008864         0
   275/299     6.62G   0.01041   0.00313         0   0.01353        10       960         1         1    0.9958    0.8111   0.02147  0.008823         0
   276/299     6.62G   0.01058  0.002948         0   0.01352         9       960         1         1    0.9958    0.8126   0.02146   0.00882         0
   277/299     6.62G   0.01045  0.002742         0   0.01319        11       960         1         1    0.9958    0.8066   0.02116  0.008869         0
   278/299     6.62G   0.01031  0.002944         0   0.01326        16       960         1         1    0.9958    0.8045    0.0214  0.008859         0
   279/299     6.62G   0.01038  0.002695         0   0.01308         9       960         1         1    0.9958    0.8097   0.02155  0.008833         0
   280/299     6.62G   0.01057  0.002449         0   0.01302         9       960         1         1    0.9958     0.816   0.02128  0.008849         0
   281/299     6.62G   0.01019   0.00262         0   0.01281        10       960         1         1    0.9958    0.8135   0.02127  0.008846         0
   282/299     6.62G   0.01043  0.003019         0   0.01345         3       960         1         1    0.9958    0.8081   0.02167  0.008835         0
   283/299     6.62G   0.01104  0.002461         0    0.0135        10       960         1         1    0.9958    0.8068   0.02169  0.008809         0
   284/299     6.62G   0.01083  0.002582         0   0.01341        10       960         1         1    0.9958    0.8106   0.02148  0.008837         0
   285/299     6.62G   0.01075  0.002797         0   0.01354        17       960         1         1    0.9958    0.8134    0.0213  0.008834         0
   286/299     6.62G  0.009422  0.002856         0   0.01228         9       960         1         1    0.9958    0.8102   0.02145  0.008816         0
   287/299     6.62G   0.01013  0.002782         0   0.01291        10       960         1         1    0.9958    0.8082   0.02168  0.008797         0
   288/299     6.62G   0.01082  0.002722         0   0.01355         7       960         1         1    0.9958    0.8102   0.02182  0.008769         0
   289/299     6.62G   0.01027  0.003068         0   0.01334         9       960         1         1    0.9958    0.8151   0.02174  0.008774         0
   290/299     6.62G   0.01103  0.002755         0   0.01379         3       960         1         1    0.9958     0.815   0.02159  0.008803         0
   291/299     6.62G   0.01014  0.002828         0   0.01297         8       960         1         1    0.9958    0.8146   0.02153  0.008785         0
   292/299     6.62G   0.01014  0.002807         0   0.01294        12       960         1         1    0.9958    0.8146   0.02159  0.008793         0
   293/299     6.62G   0.01063   0.00306         0   0.01369         9       960         1         1    0.9958    0.8146   0.02163  0.008777         0
   294/299     6.62G   0.01014  0.002851         0   0.01299        15       960         1         1    0.9958    0.8121   0.02147  0.008811         0
   295/299     6.62G   0.01127  0.002854         0   0.01412        11       960         1         1    0.9958    0.8107   0.02141  0.008831         0
   296/299     6.62G   0.01035  0.002738         0   0.01309         8       960         1         1    0.9958    0.8145   0.02129  0.008821         0
   297/299     6.62G   0.01069  0.002813         0   0.01351        12       960         1         1    0.9958    0.8168   0.02133  0.008805         0
   298/299     6.62G   0.01105  0.002704         0   0.01376         6       960         1         1    0.9958    0.8147    0.0215  0.008808         0
   299/299     6.62G   0.01107  0.002593         0   0.01367        10       960         1         1    0.9958    0.8119   0.02157  0.008804         0
