     0/299     6.18G   0.06025   0.05707         0    0.1173        10      1376  0.008133   0.03333  0.002465 0.0003436   0.06833   0.05083         0
     1/299     9.51G    0.0579   0.03213         0   0.09003        11      1376    0.0372    0.2033   0.02005   0.00347   0.06427    0.0391         0
     2/299     9.51G   0.05337   0.02853         0    0.0819         5      1376    0.1069      0.13   0.04772  0.008877     0.056   0.03947         0
     3/299     9.51G   0.05353   0.02619         0   0.07972         6      1376    0.2864    0.3317    0.2069   0.03453   0.04836   0.04012         0
     4/299     9.51G    0.0474    0.0253         0    0.0727        10      1376    0.2887    0.5433     0.285   0.05475   0.04855   0.03681         0
     5/299     9.51G   0.04889   0.02214         0   0.07103         6      1376    0.4314      0.47    0.4003   0.09704   0.04633   0.03414         0
     6/299     9.51G   0.04253   0.01886         0   0.06139        11      1376    0.6901    0.5864    0.6463    0.1861   0.04218   0.03316         0
     7/299     9.51G   0.03901   0.01685         0   0.05586         5      1376     0.721    0.6893    0.7585     0.301   0.04265   0.03079         0
     8/299     9.51G   0.03869    0.0161         0   0.05478         8      1376    0.7352    0.7933    0.8165    0.3011   0.03724   0.03103         0
     9/299     9.51G   0.03778   0.01512         0   0.05291        11      1376    0.4478    0.6633    0.4516   0.09812   0.04514   0.02645         0
    10/299     9.51G   0.03799   0.01467         0   0.05266         3      1376    0.6293    0.7867    0.7297    0.2055   0.04118   0.02643         0
    11/299     9.51G   0.03695   0.01331         0   0.05026         7      1376    0.5074    0.7767    0.6499    0.1795   0.04648   0.02498         0
    12/299     9.51G   0.03456   0.01355         0   0.04811        14      1376    0.5752    0.8233    0.7446    0.2697   0.04214   0.02554         0
    13/299     9.51G   0.03199   0.01299         0   0.04498        12      1376    0.7341    0.7667    0.8175    0.2389   0.04181   0.02412         0
    14/299     9.51G   0.03342   0.01317         0   0.04659         7      1376    0.8041    0.5199    0.6923    0.3397   0.04963   0.02497         0
    15/299     9.51G   0.03234   0.01377         0   0.04611        12      1376    0.8102    0.8964    0.9316    0.3952   0.04524   0.02429         0
    16/299     9.49G   0.03293   0.01155         0   0.04448        12      1376    0.8878    0.9232    0.9671    0.5667   0.03895   0.02535         0
    17/299     9.49G   0.03198   0.01306         0   0.04503        12      1376    0.4857      0.98    0.7372    0.3091    0.0518   0.02184         0
    18/299     9.49G   0.03286   0.01329         0   0.04614         4      1376    0.9541    0.9697    0.9806    0.5803   0.03888   0.02976         0
    19/299     9.49G     0.027   0.01613         0   0.04313        12      1376    0.9639    0.9799    0.9837    0.6556   0.03195   0.02996         0
    20/299     9.49G   0.02678   0.01303         0   0.03982        10      1376    0.6844    0.7667    0.6918    0.2052   0.04792   0.02255         0
    21/299     9.49G   0.03071   0.01187         0   0.04258         8      1376    0.9235    0.9664     0.971    0.6527   0.03316   0.02445         0
    22/299     9.49G   0.02356    0.0117         0   0.03526         6      1376    0.9119    0.8965     0.963    0.6133   0.03224   0.02234         0
    23/299     9.49G   0.02406   0.01005         0   0.03412        12      1376    0.7584    0.9626    0.9259    0.4928   0.03017   0.02291         0
    24/299     9.49G   0.02369   0.01062         0   0.03431         5      1376     0.977      0.99    0.9922     0.701   0.02551   0.02286         0
    25/299     9.49G   0.02034   0.01019         0   0.03052        13      1376    0.9544    0.9766    0.9805    0.5467   0.02572   0.02263         0
    26/299     9.49G   0.02147  0.009708         0   0.03117         7      1376    0.9867      0.99    0.9942    0.6209   0.02465   0.02183         0
    27/299     9.49G   0.01877  0.009867         0   0.02863        24      1376    0.8539    0.9933    0.9598    0.6777    0.0258   0.02061         0
    28/299     9.49G     0.018  0.009265         0   0.02726        12      1376    0.9901    0.9967     0.993    0.7701    0.0234   0.02006         0
    29/299     9.49G   0.01799  0.009148         0   0.02714         9      1376    0.9867    0.9967    0.9941    0.7454   0.02133   0.02065         0
    30/299     9.49G   0.01706  0.009218         0   0.02628         3      1376    0.9833    0.9867     0.993    0.7636   0.02283   0.02065         0
    31/299     9.49G   0.01707  0.008684         0   0.02575         7      1376    0.9836    0.9967    0.9935    0.7881   0.02012   0.02043         0
    32/299     9.49G   0.01554    0.0089         0   0.02444         7      1376    0.9933      0.99    0.9942    0.7399   0.02255    0.0202         0
    33/299     9.49G   0.01571  0.008804         0   0.02451         7      1376    0.9933    0.9892    0.9948    0.8187   0.02062   0.01998         0
    34/299     9.49G   0.01395  0.008378         0   0.02233         9      1376    0.9933      0.99    0.9948    0.8149   0.02048   0.01969         0
    35/299     9.49G   0.01516  0.008113         0   0.02328         3      1376    0.9933      0.99    0.9951    0.8473   0.01884   0.02002         0
    36/299     9.49G   0.01386  0.008188         0   0.02204         7      1376    0.9835    0.9967    0.9949    0.8329   0.01989   0.01934         0
    37/299     9.49G   0.01491  0.007876         0   0.02279         6      1376    0.9835    0.9967    0.9949    0.8319   0.01921    0.0196         0
    38/299     9.49G   0.01392  0.007753         0   0.02167         5      1376    0.9899    0.9867    0.9951    0.8161   0.01969   0.01917         0
    39/299     9.49G   0.01388   0.00846         0   0.02234         5      1376    0.9933      0.99    0.9947    0.8313   0.01875   0.01915         0
    40/299     9.49G   0.01381  0.008046         0   0.02186        11      1376    0.9867    0.9933    0.9946    0.8274   0.01841   0.01927         0
    41/299     9.49G    0.0131  0.007753         0   0.02085         6      1376    0.9867    0.9933    0.9953    0.8176   0.01873   0.01897         0
    42/299     9.49G   0.01267   0.00866         0   0.02134         7      1376      0.99    0.9933    0.9958    0.8722   0.01745   0.01886         0
    43/299     9.49G    0.0122  0.007905         0    0.0201         9      1376      0.99    0.9933    0.9958     0.853   0.01852   0.01886         0
    44/299     9.49G   0.01344  0.007941         0   0.02138         9      1376    0.9835    0.9967    0.9957    0.8622   0.01714   0.01861         0
    45/299     9.49G   0.01379  0.007705         0   0.02149         5      1376    0.9868    0.9967    0.9952    0.8388   0.01709   0.01885         0
    46/299     9.49G   0.01311  0.007545         0   0.02065        10      1376    0.9868    0.9966    0.9954    0.8644   0.01756   0.01867         0
    47/299     9.49G   0.01249  0.007205         0    0.0197         7      1376      0.99    0.9933    0.9956    0.8392   0.01693   0.01866         0
    48/299     9.49G   0.01247   0.00799         0   0.02046         3      1376    0.9835    0.9967    0.9949    0.8713   0.01676   0.01831         0
    49/299     9.49G   0.01322  0.008046         0   0.02126         9      1376    0.9933      0.99    0.9956    0.8681    0.0161    0.0183         0
    50/299     9.49G   0.01133  0.008189         0   0.01952         8      1376    0.9836    0.9967    0.9953    0.8649   0.01625   0.01797         0
    51/299     9.49G   0.01212  0.007852         0   0.01997         3      1376    0.9803    0.9967    0.9946    0.8478   0.01655   0.01812         0
    52/299     9.49G   0.01127  0.007541         0   0.01881         5      1376      0.99      0.99    0.9949     0.866   0.01623   0.01752         0
    53/299     9.49G   0.01206  0.007591         0   0.01965         6      1376      0.99      0.99     0.995    0.8543   0.01644   0.01791         0
    54/299     9.49G   0.01169  0.007767         0   0.01946        11      1376    0.9899    0.9867    0.9953     0.867   0.01608   0.01739         0
    55/299     9.49G   0.01092   0.00746         0   0.01838        13      1376    0.9836    0.9967     0.995     0.856   0.01629   0.01718         0
    56/299     9.49G   0.01174  0.007539         0   0.01928         9      1376    0.9835    0.9967     0.995    0.8721   0.01583   0.01743         0
    57/299     9.49G   0.01162  0.006919         0   0.01854         4      1376    0.9803    0.9966    0.9948    0.8625   0.01605     0.017         0
    58/299     9.49G   0.01138  0.007022         0   0.01841        10      1376    0.9803    0.9967    0.9945     0.846   0.01572   0.01728         0
    59/299     9.49G    0.0115  0.006739         0   0.01823         2      1376      0.99      0.99    0.9947    0.8723   0.01601   0.01725         0
    60/299     9.49G   0.01086  0.006971         0   0.01783         2      1376      0.99      0.99     0.995    0.8793   0.01502   0.01692         0
    61/299     9.49G   0.01132  0.006933         0   0.01825         6      1376      0.99      0.99    0.9951    0.8702   0.01501   0.01729         0
    62/299     9.49G   0.01175  0.007431         0   0.01918        21      1376      0.99    0.9933    0.9941    0.8821   0.01509   0.01699         0
    63/299     9.49G   0.01062  0.007249         0   0.01787        10      1376    0.9835    0.9933     0.995     0.872   0.01477     0.017         0
    64/299     9.49G   0.01222  0.007103         0   0.01932         6      1376    0.9835    0.9933    0.9951    0.8719   0.01484   0.01693         0
    65/299     9.49G   0.01174  0.006879         0   0.01862        10      1376      0.99      0.99    0.9955    0.8712   0.01444   0.01665         0
    66/299     9.49G    0.0103  0.007141         0   0.01744        17      1376    0.9867    0.9933    0.9954    0.8762   0.01414    0.0166         0
    67/299     9.49G   0.01199  0.006832         0   0.01882         7      1376    0.9867    0.9933    0.9957    0.8742   0.01385   0.01679         0
    68/299     9.49G   0.01052  0.006844         0   0.01736        12      1376    0.9868    0.9933    0.9953    0.8684   0.01402   0.01658         0
    69/299     9.49G   0.01155  0.007131         0   0.01868         7      1376      0.99    0.9933    0.9953    0.8719   0.01405   0.01682         0
    70/299     9.49G   0.01071  0.007009         0   0.01772         4      1376    0.9868    0.9933    0.9953    0.8439   0.01495   0.01692         0
    71/299     9.49G   0.01056  0.006612         0   0.01717        12      1376    0.9867    0.9933    0.9956    0.8795   0.01424   0.01644         0
    72/299     9.49G   0.01116   0.00678         0   0.01794         4      1376      0.99    0.9933    0.9954    0.8734   0.01368   0.01647         0
    73/299     9.49G  0.009846  0.006866         0   0.01671        17      1376    0.9868    0.9933    0.9955    0.8795   0.01337   0.01639         0
    74/299     9.49G    0.0103  0.006898         0    0.0172        10      1376      0.99    0.9933    0.9954    0.8823   0.01347   0.01631         0
    75/299     9.49G   0.01021   0.00648         0   0.01669        14      1376    0.9966    0.9865    0.9956    0.8755   0.01344    0.0164         0
    76/299     9.49G   0.01016  0.006999         0   0.01716        10      1376      0.99    0.9933    0.9954    0.8805   0.01353    0.0162         0
    77/299     9.49G   0.01181  0.006904         0   0.01871        14      1376      0.99    0.9933    0.9955     0.886   0.01346   0.01623         0
    78/299     9.49G   0.01004  0.006701         0   0.01674         8      1376      0.99    0.9933    0.9948    0.8804    0.0135   0.01598         0
    79/299     9.49G   0.01005  0.006436         0   0.01649         3      1376    0.9966      0.99    0.9955     0.872   0.01302   0.01617         0
    80/299     9.49G   0.01062  0.006814         0   0.01743        10      1376    0.9868    0.9966    0.9954    0.8933   0.01256   0.01618         0
    81/299     9.49G   0.00916  0.006144         0    0.0153        11      1376    0.9868    0.9967    0.9953    0.8836   0.01233   0.01575         0
    82/299     9.49G   0.00979  0.006444         0   0.01623        20      1376      0.99    0.9933    0.9954    0.8797   0.01244   0.01597         0
    83/299     9.49G   0.01042  0.006618         0   0.01704         9      1376      0.99    0.9933    0.9951    0.8846   0.01235    0.0162         0
    84/299     9.49G   0.01025  0.006603         0   0.01685        11      1376    0.9868    0.9966    0.9952    0.8865   0.01226   0.01577         0
    85/299     9.49G  0.009621  0.006395         0   0.01602         6      1376      0.99    0.9933    0.9956    0.8875   0.01227   0.01576         0
    86/299     9.49G  0.009595  0.006642         0   0.01624        12      1376    0.9965      0.99    0.9957     0.886   0.01231    0.0157         0
    87/299     9.49G  0.009407  0.006417         0   0.01582         9      1376    0.9868    0.9967    0.9955    0.8764   0.01264   0.01563         0
    88/299     9.49G  0.009604  0.006308         0   0.01591         7      1376    0.9868    0.9967    0.9955    0.8902   0.01228   0.01569         0
    89/299     9.49G  0.009802  0.006762         0   0.01656        16      1376    0.9868    0.9967    0.9956    0.8933   0.01209   0.01536         0
    90/299     9.49G  0.009224  0.006646         0   0.01587         7      1376    0.9964      0.99    0.9956    0.8896   0.01212   0.01559         0
    91/299     9.49G  0.009363  0.006312         0   0.01568        10      1376    0.9868    0.9967    0.9957    0.8978   0.01172   0.01547         0
    92/299     9.49G  0.009931  0.006109         0   0.01604        16      1376    0.9868    0.9966    0.9956    0.8872   0.01177   0.01553         0
    93/299     9.49G   0.01021  0.006084         0    0.0163         4      1376    0.9998    0.9867    0.9958    0.8954   0.01177   0.01569         0
    94/299     9.49G  0.008997  0.006339         0   0.01534         9      1376         1    0.9865    0.9958    0.8945    0.0117   0.01537         0
    95/299     9.49G  0.009128   0.00628         0   0.01541        14      1376         1    0.9867    0.9958    0.8946   0.01192   0.01534         0
    96/299     9.49G   0.01029  0.005745         0   0.01604         3      1376         1    0.9898    0.9958     0.893   0.01164   0.01568         0
    97/299     9.49G  0.008833  0.006045         0   0.01488        10      1376    0.9901    0.9967    0.9956    0.8966   0.01171    0.0157         0
    98/299     9.49G   0.00905  0.006425         0   0.01547         8      1376    0.9901    0.9967    0.9957    0.9008   0.01154   0.01548         0
    99/299     9.49G  0.008997  0.006367         0   0.01536        10      1376    0.9901    0.9967    0.9956    0.9047   0.01147   0.01539         0
   100/299     9.49G  0.008177  0.005927         0    0.0141         7      1376    0.9901    0.9967    0.9955    0.9002   0.01129   0.01516         0
   101/299     9.49G  0.009489  0.005991         0   0.01548         4      1376    0.9966      0.99    0.9956    0.8957   0.01162   0.01548         0
   102/299     9.49G  0.008722  0.005961         0   0.01468        14      1376    0.9901    0.9967    0.9955    0.8864   0.01179   0.01543         0
   103/299     9.49G  0.008902  0.006314         0   0.01522         9      1376    0.9901    0.9967    0.9955     0.896   0.01164   0.01546         0
   104/299     9.49G   0.01018  0.005528         0   0.01571         5      1376    0.9901    0.9967    0.9955    0.9008   0.01162   0.01558         0
   105/299     9.49G  0.008679   0.00594         0   0.01462         8      1376    0.9901    0.9967    0.9958    0.8951   0.01153   0.01532         0
   106/299     9.49G  0.009282   0.00605         0   0.01533        11      1376    0.9901    0.9967    0.9961      0.89   0.01157   0.01532         0
   107/299     9.49G  0.008878  0.005814         0   0.01469        11      1376    0.9901    0.9967     0.996    0.8998    0.0113   0.01536         0
   108/299     9.49G  0.008034  0.005866         0    0.0139         9      1376    0.9966      0.99    0.9957     0.896   0.01092   0.01526         0
   109/299     9.49G  0.008522  0.005767         0   0.01429        17      1376    0.9966      0.99    0.9957    0.8924    0.0111    0.0153         0
   110/299     9.49G  0.009505   0.00608         0   0.01559        14      1376         1    0.9862    0.9961    0.8999     0.011   0.01522         0
   111/299     9.49G  0.007905  0.006027         0   0.01393        11      1376      0.99    0.9933    0.9959    0.8971   0.01107   0.01527         0
   112/299     9.49G  0.008692  0.005929         0   0.01462         4      1376    0.9868    0.9967    0.9961    0.8942   0.01117   0.01537         0
   113/299     9.49G   0.01056  0.005781         0   0.01634         9      1376    0.9901    0.9967    0.9961    0.9046   0.01075   0.01519         0
   114/299     9.49G  0.008307   0.00563         0   0.01394         4      1376    0.9901    0.9967     0.996    0.9012    0.0108   0.01511         0
   115/299     9.49G   0.00974  0.005747         0   0.01549        10      1376    0.9933    0.9933    0.9961    0.9016   0.01059   0.01538         0
   116/299     9.49G  0.008367  0.005478         0   0.01385         6      1376    0.9933    0.9933    0.9961    0.8946   0.01067   0.01553         0
   117/299     9.49G  0.008551  0.005902         0   0.01445        10      1376    0.9901    0.9967    0.9962    0.9061   0.01055   0.01549         0
   118/299     9.49G  0.008431  0.005591         0   0.01402         5      1376    0.9901    0.9967    0.9963    0.9035   0.01063   0.01536         0
   119/299     9.49G  0.009491  0.006068         0   0.01556        14      1376    0.9934    0.9967    0.9966    0.9048   0.01049   0.01556         0
   120/299     9.49G  0.009457  0.006239         0    0.0157         8      1376    0.9934    0.9967    0.9965    0.9044   0.01049   0.01542         0
   121/299     9.49G  0.008444  0.005572         0   0.01402        10      1376    0.9967    0.9933    0.9962    0.8987   0.01062   0.01531         0
   122/299     9.49G   0.00911  0.005697         0   0.01481         9      1376    0.9901    0.9967    0.9962     0.907   0.01059    0.0153         0
   123/299     9.49G  0.008089  0.005659         0   0.01375        13      1376    0.9934    0.9967    0.9963    0.9039   0.01055   0.01538         0
   124/299     9.49G  0.007923  0.005541         0   0.01346        11      1376    0.9901    0.9967    0.9962    0.8995   0.01042   0.01529         0
   125/299     9.49G  0.008391  0.006067         0   0.01446        18      1376    0.9934    0.9967    0.9965    0.9012   0.01041   0.01538         0
   126/299     9.49G  0.009447  0.005759         0   0.01521         8      1376    0.9933    0.9967    0.9966    0.9057   0.01051   0.01542         0
   127/299     9.49G  0.008099  0.005931         0   0.01403        20      1376    0.9934    0.9967    0.9963    0.8972   0.01039   0.01537         0
   128/299     9.49G  0.009466  0.005874         0   0.01534        11      1376    0.9934    0.9966    0.9961    0.9011   0.01031    0.0154         0
   129/299     9.49G  0.008068  0.005551         0   0.01362        10      1376    0.9934    0.9966    0.9966    0.8996   0.01033   0.01518         0
   130/299     9.49G  0.007687  0.005805         0   0.01349         8      1376    0.9934    0.9966    0.9968    0.9058   0.01014   0.01522         0
   131/299     9.49G  0.007789  0.005676         0   0.01347        11      1376    0.9934    0.9967    0.9962    0.9005   0.01035   0.01533         0
   132/299     9.49G  0.008665  0.005258         0   0.01392        10      1376      0.99    0.9967    0.9961    0.9079   0.01044   0.01551         0
   133/299     9.49G  0.008862  0.005729         0   0.01459        12      1376    0.9934    0.9967    0.9965    0.9034   0.01036   0.01567         0
   134/299     9.49G  0.007725  0.005401         0   0.01313         4      1376    0.9934    0.9967    0.9961    0.9071   0.01013   0.01558         0
   135/299     9.49G    0.0079  0.005728         0   0.01363        11      1376    0.9933    0.9967    0.9961    0.9033   0.01019   0.01543         0
   136/299     9.49G   0.00996  0.005398         0   0.01536         4      1376    0.9933    0.9967    0.9963    0.9109  0.009994   0.01557         0
   137/299     9.49G  0.007556  0.005742         0    0.0133        15      1376    0.9934    0.9967    0.9962    0.9041    0.0101   0.01548         0
   138/299     9.49G  0.007458  0.005371         0   0.01283         9      1376    0.9933    0.9967    0.9968    0.9083  0.009971   0.01532         0
   139/299     9.49G  0.007456  0.005839         0   0.01329        10      1376    0.9933    0.9967    0.9969    0.9022   0.01001   0.01542         0
   140/299     9.49G  0.007399  0.005515         0   0.01291         8      1376    0.9934    0.9967    0.9964     0.906  0.009953   0.01537         0
   141/299     9.49G  0.008741  0.005343         0   0.01408         5      1376    0.9934    0.9967    0.9966    0.9061  0.009958   0.01552         0
   142/299     9.49G  0.007757  0.005449         0   0.01321         6      1376    0.9934    0.9967    0.9965    0.9084  0.009866   0.01548         0
   143/299     9.49G  0.007756  0.005411         0   0.01317        10      1376    0.9934    0.9967     0.996    0.9053  0.009843   0.01545         0
   144/299     9.49G  0.007725  0.005651         0   0.01338         9      1376    0.9934    0.9967    0.9969    0.9033  0.009869   0.01542         0
   145/299     9.49G  0.007501  0.005656         0   0.01316         9      1376    0.9933    0.9967    0.9961    0.9046  0.009919   0.01549         0
   146/299     9.49G  0.007329  0.005601         0   0.01293        13      1376    0.9934    0.9967    0.9968    0.9041  0.009766   0.01542         0
   147/299     9.49G  0.007714  0.005651         0   0.01337         8      1376    0.9934    0.9967    0.9961    0.9048  0.009756   0.01571         0
   148/299     9.49G  0.007335   0.00554         0   0.01287         3      1376    0.9934    0.9967     0.996    0.9034  0.009762   0.01566         0
   149/299     9.49G  0.008388   0.00555         0   0.01394         6      1376    0.9933    0.9967    0.9966    0.9027  0.009772   0.01559         0
   150/299     9.49G  0.008433  0.005268         0    0.0137         4      1376    0.9934    0.9967    0.9967     0.906  0.009691   0.01553         0
   151/299     9.49G   0.00697  0.005292         0   0.01226         6      1376    0.9933    0.9967    0.9965    0.9039  0.009528   0.01554         0
   152/299     9.49G  0.008493  0.005657         0   0.01415        12      1376    0.9933    0.9967    0.9968    0.9053  0.009536   0.01545         0
   153/299     9.49G  0.007248  0.005281         0   0.01253         6      1376    0.9933    0.9967    0.9969    0.9057  0.009594   0.01553         0
   154/299     9.49G  0.007091   0.00514         0   0.01223         8      1376    0.9934    0.9967    0.9968    0.9033  0.009462   0.01568         0
   155/299     9.49G  0.007178  0.005244         0   0.01242         8      1376    0.9934    0.9967    0.9969    0.9054  0.009584   0.01576         0
   156/299     9.49G   0.01041  0.005372         0   0.01578        12      1376    0.9934    0.9967    0.9967    0.9117  0.009469    0.0156         0
   157/299     9.49G  0.009542  0.005765         0   0.01531         5      1376    0.9934    0.9967    0.9965    0.9061  0.009687   0.01565         0
   158/299     9.49G  0.007407  0.005438         0   0.01284         4      1376    0.9934    0.9967    0.9967    0.9002  0.009655   0.01562         0
   159/299     9.49G  0.007182  0.005417         0    0.0126        13      1376    0.9933    0.9967    0.9967    0.9068  0.009544   0.01575         0
   160/299     9.49G  0.007334  0.005201         0   0.01253         4      1376    0.9934    0.9967    0.9968    0.9041  0.009477   0.01576         0
   161/299     9.49G  0.007276  0.005129         0   0.01241        11      1376    0.9933    0.9967    0.9967    0.9068  0.009476   0.01572         0
   162/299     9.49G  0.007307    0.0055         0   0.01281         8      1376    0.9933    0.9967    0.9966    0.9092  0.009427   0.01578         0
   163/299     9.49G  0.007199  0.005431         0   0.01263        11      1376    0.9934    0.9967    0.9962    0.9035  0.009483   0.01569         0
   164/299     9.49G  0.007104  0.005217         0   0.01232        10      1376    0.9933    0.9967    0.9965    0.9029  0.009527   0.01579         0
   165/299     9.49G  0.007102  0.005097         0    0.0122         5      1376    0.9934    0.9967     0.996    0.9062    0.0095   0.01596         0
   166/299     9.49G  0.007922  0.005348         0   0.01327         9      1376    0.9933    0.9967    0.9965    0.9028  0.009519   0.01588         0
   167/299     9.49G  0.006816  0.005303         0   0.01212        12      1376    0.9934    0.9967    0.9965    0.9048  0.009488   0.01596         0
   168/299     9.49G   0.00714  0.005431         0   0.01257         8      1376    0.9934    0.9967    0.9965    0.9046  0.009469   0.01587         0
   169/299     9.49G  0.007374  0.005408         0   0.01278         9      1376    0.9934    0.9967    0.9967    0.9103  0.009312    0.0159         0
   170/299     9.49G   0.00679  0.004868         0   0.01166         6      1376    0.9933    0.9967    0.9966    0.9104  0.009222   0.01577         0
   171/299     9.49G  0.007175  0.005365         0   0.01254         8      1376    0.9934    0.9967    0.9966    0.9058  0.009159   0.01573         0
   172/299     9.49G  0.006999   0.00543         0   0.01243        18      1376    0.9933    0.9967    0.9967    0.9086  0.009243   0.01582         0
   173/299     9.49G  0.006953  0.005235         0   0.01219         9      1376    0.9934    0.9967    0.9967    0.9069  0.009299    0.0158         0
   174/299     9.49G  0.006928  0.004898         0   0.01183        10      1376    0.9933    0.9967    0.9967    0.9036  0.009391   0.01582         0
   175/299     9.49G  0.006741  0.005006         0   0.01175         8      1376    0.9934    0.9967    0.9969    0.9068  0.009298   0.01596         0
   176/299     9.49G  0.006648  0.005005         0   0.01165        11      1376    0.9934    0.9967    0.9968    0.9091  0.009227     0.016         0
   177/299     9.49G  0.007049  0.005088         0   0.01214         3      1376    0.9934    0.9967    0.9965    0.9088  0.009198     0.016         0
   178/299     9.49G  0.006993  0.005333         0   0.01233         5      1376    0.9934    0.9967    0.9959    0.9048  0.009134   0.01604         0
   179/299     9.49G  0.006789  0.005015         0    0.0118         6      1376    0.9934    0.9967    0.9967    0.9075   0.00912   0.01617         0
   180/299     9.49G  0.007596  0.004871         0   0.01247        12      1376    0.9933    0.9967     0.996    0.9129  0.009083   0.01619         0
   181/299     9.49G  0.006822  0.005077         0    0.0119         6      1376    0.9933    0.9967    0.9966    0.9073  0.009036   0.01609         0
   182/299     9.49G  0.006857  0.005152         0   0.01201         5      1376    0.9934    0.9967    0.9962    0.9064  0.009035   0.01601         0
   183/299     9.49G  0.007948  0.005218         0   0.01317         4      1376    0.9934    0.9967    0.9969    0.9104   0.00902   0.01607         0
   184/299     9.49G  0.006795  0.005026         0   0.01182         9      1376    0.9934    0.9967    0.9968    0.9116  0.009073   0.01601         0
   185/299     9.49G   0.00678   0.00516         0   0.01194         4      1376    0.9933    0.9967    0.9968    0.9105  0.009054     0.016         0
   186/299     9.49G  0.008652   0.00508         0   0.01373         5      1376    0.9933    0.9967    0.9967    0.9129  0.009038   0.01598         0
   187/299     9.49G  0.006905  0.005254         0   0.01216        11      1376    0.9934    0.9967    0.9966    0.9076  0.009021   0.01602         0
   188/299     9.49G   0.00705  0.005325         0   0.01237         6      1376    0.9901    0.9967    0.9968    0.9102     0.009    0.0162         0
   189/299     9.49G  0.006741  0.005148         0   0.01189        10      1376    0.9933    0.9967    0.9968     0.907   0.00902   0.01615         0
   190/299     9.49G  0.006963  0.005413         0   0.01238        12      1376    0.9933    0.9967    0.9969    0.9101  0.009089   0.01614         0
   191/299     9.49G  0.007884  0.005051         0   0.01294         9      1376    0.9933    0.9967     0.997    0.9097  0.008996    0.0161         0
   192/299     9.49G  0.006744  0.004952         0    0.0117         5      1376    0.9934    0.9966     0.997    0.9066  0.008988   0.01625         0
   193/299     9.49G   0.00788  0.004842         0   0.01272         5      1376    0.9933    0.9967    0.9968    0.9059  0.009022   0.01638         0
   194/299     9.49G  0.007769  0.005066         0   0.01283         9      1376    0.9934    0.9967    0.9969    0.9074  0.009006   0.01639         0
   195/299     9.49G  0.007231  0.005354         0   0.01259        12      1376    0.9934    0.9967    0.9971    0.9083  0.008981   0.01626         0
   196/299     9.49G  0.006589    0.0048         0   0.01139         5      1376    0.9934    0.9967    0.9969    0.9046  0.009072   0.01635         0
   197/299     9.49G  0.006611  0.004935         0   0.01155         7      1376    0.9934    0.9967    0.9968    0.9085  0.009158   0.01641         0
   198/299     9.49G  0.006577  0.004935         0   0.01151        14      1376    0.9934    0.9967    0.9969    0.9111  0.009136   0.01642         0
   199/299     9.49G  0.006598  0.004699         0    0.0113        13      1376    0.9933    0.9967    0.9969    0.9095  0.009116   0.01639         0
   200/299     9.49G  0.006604  0.005207         0   0.01181        19      1376    0.9933    0.9967    0.9962     0.913  0.009063   0.01626         0
   201/299     9.49G  0.006741  0.005036         0   0.01178         6      1376    0.9934    0.9966    0.9963    0.9086  0.009021    0.0162         0
   202/299     9.49G  0.006437  0.004755         0   0.01119        11      1376    0.9934    0.9967    0.9968     0.908  0.009125   0.01633         0
   203/299     9.49G  0.006661  0.004799         0   0.01146        14      1376    0.9934    0.9967    0.9969    0.9117  0.009037    0.0163         0
   204/299     9.49G  0.006511  0.004827         0   0.01134        16      1376    0.9933    0.9967     0.997    0.9119  0.008984   0.01619         0
   205/299     9.49G  0.008626   0.00489         0   0.01352         7      1376    0.9934    0.9967    0.9971    0.9121  0.008948   0.01609         0
   206/299     9.49G  0.006776  0.005297         0   0.01207        11      1376    0.9933    0.9967    0.9971    0.9074  0.009008   0.01612         0
   207/299     9.49G  0.006558  0.004832         0   0.01139        12      1376    0.9934    0.9967     0.997    0.9099  0.008998   0.01624         0
   208/299     9.49G  0.007709  0.005243         0   0.01295        15      1376    0.9934    0.9967    0.9969    0.9115  0.008997   0.01628         0
   209/299     9.49G  0.006684  0.005051         0   0.01173        17      1376    0.9934    0.9967    0.9969    0.9139  0.009002   0.01631         0
   210/299     9.49G  0.006516  0.004773         0   0.01129         7      1376    0.9934    0.9967    0.9968    0.9055  0.008985   0.01637         0
   211/299     9.49G  0.006593  0.005083         0   0.01168        16      1376    0.9934    0.9967    0.9962    0.9095  0.008942   0.01622         0
   212/299     9.49G  0.006513  0.005088         0    0.0116         4      1376    0.9934    0.9967    0.9963    0.9109  0.008916   0.01625         0
   213/299     9.49G  0.006618  0.004935         0   0.01155        13      1376    0.9934    0.9967    0.9963    0.9137  0.008892   0.01631         0
   214/299     9.49G  0.006478  0.004759         0   0.01124         7      1376    0.9933    0.9967    0.9962    0.9135  0.008948   0.01653         0
   215/299     9.49G  0.008359  0.004715         0   0.01307         4      1376    0.9934    0.9967    0.9962    0.9118  0.008886   0.01656         0
   216/299     9.49G   0.00663  0.005046         0   0.01168        10      1376    0.9934    0.9967    0.9963    0.9131  0.008837   0.01647         0
   217/299     9.49G  0.006538  0.004714         0   0.01125         4      1376    0.9934    0.9967    0.9971    0.9137   0.00887   0.01642         0
   218/299     9.49G    0.0067  0.004994         0   0.01169         8      1376    0.9934    0.9967    0.9971     0.913  0.008917   0.01652         0
   219/299     9.49G  0.006594   0.00505         0   0.01164        13      1376    0.9933    0.9967     0.997     0.913  0.008964   0.01663         0
   220/299     9.49G  0.006575  0.004869         0   0.01144         7      1376    0.9934    0.9967     0.997    0.9117  0.008927   0.01657         0
   221/299     9.49G  0.006511  0.004652         0   0.01116        12      1376    0.9934    0.9966    0.9963    0.9078  0.008916   0.01655         0
   222/299     9.49G  0.006347  0.004739         0   0.01109         4      1376    0.9934    0.9967     0.997    0.9104  0.008957   0.01656         0
   223/299     9.49G  0.006506  0.004794         0    0.0113         3      1376    0.9934    0.9967     0.997     0.912  0.008964   0.01661         0
   224/299     9.49G  0.006634  0.004998         0   0.01163         8      1376    0.9934    0.9967     0.997    0.9108  0.009016    0.0167         0
   225/299     9.49G   0.00755  0.005024         0   0.01257         8      1376    0.9934    0.9967     0.997    0.9138  0.008948   0.01661         0
   226/299     9.49G  0.006681  0.005055         0   0.01174        13      1376    0.9933    0.9967     0.997    0.9112  0.008961   0.01659         0
   227/299     9.49G  0.006372  0.004429         0    0.0108         9      1376    0.9934    0.9967     0.997    0.9116  0.008915   0.01657         0
   228/299     9.49G  0.006546  0.005028         0   0.01157        28      1376    0.9934    0.9967    0.9971    0.9071  0.008932   0.01655         0
   229/299     9.49G  0.006454  0.004822         0   0.01128        16      1376    0.9934    0.9967     0.997    0.9144   0.00885   0.01656         0
   230/299     9.49G  0.006492  0.004864         0   0.01136        12      1376    0.9934    0.9967    0.9971    0.9059  0.008924   0.01668         0
   231/299     9.49G  0.006507  0.005121         0   0.01163        19      1376    0.9933    0.9967    0.9964    0.9078  0.008914   0.01668         0
   232/299     9.49G  0.006547   0.00476         0   0.01131        11      1376    0.9933    0.9967    0.9964    0.9084  0.008885   0.01662         0
   233/299     9.49G  0.007582  0.005009         0   0.01259        13      1376    0.9934    0.9967    0.9964    0.9094  0.008893   0.01648         0
   234/299     9.49G  0.006337  0.004829         0   0.01117        13      1376    0.9933    0.9967    0.9963    0.9094   0.00885    0.0165         0
   235/299     9.49G  0.006248  0.004586         0   0.01083         3      1376    0.9934    0.9967    0.9964    0.9118  0.008812   0.01649         0
   236/299     9.49G  0.007423  0.004744         0   0.01217        11      1376    0.9933    0.9967    0.9964    0.9097   0.00877   0.01648         0
   237/299     9.49G  0.006664  0.004917         0   0.01158        15      1376    0.9934    0.9967    0.9972    0.9104  0.008766   0.01649         0
   238/299     9.49G   0.00636  0.004356         0   0.01072        11      1376    0.9934    0.9967    0.9973    0.9114  0.008849   0.01663         0
   239/299     9.49G  0.007445  0.004863         0   0.01231        11      1376    0.9965    0.9967    0.9972    0.9133  0.008845   0.01675         0
   240/299     9.49G  0.006467  0.005165         0   0.01163         5      1376    0.9966    0.9967    0.9965    0.9099   0.00883   0.01676         0
   241/299     9.49G   0.00648  0.004968         0   0.01145        13      1376    0.9933    0.9967    0.9972     0.911  0.008817   0.01675         0
   242/299     9.49G  0.007575  0.005089         0   0.01266         6      1376    0.9934    0.9967    0.9971    0.9102  0.008817   0.01672         0
   243/299     9.49G  0.006349  0.004832         0   0.01118        13      1376    0.9933    0.9967    0.9971    0.9127  0.008799   0.01675         0
   244/299     9.49G  0.007374  0.004904         0   0.01228        13      1376    0.9933    0.9967    0.9963    0.9047  0.008827   0.01673         0
   245/299     9.49G  0.006417  0.004683         0    0.0111         7      1376    0.9934    0.9967    0.9963    0.9121  0.008829   0.01682         0
   246/299     9.49G   0.00657  0.004864         0   0.01143        12      1376    0.9934    0.9967    0.9964    0.9111   0.00884    0.0168         0
   247/299     9.49G  0.007313  0.004557         0   0.01187         4      1376    0.9933    0.9967    0.9963    0.9086  0.008823   0.01675         0
   248/299     9.49G  0.006392  0.004625         0   0.01102         7      1376    0.9934    0.9967    0.9963    0.9104  0.008799   0.01668         0
   249/299     9.49G  0.006761  0.004901         0   0.01166         5      1376    0.9933    0.9967    0.9963    0.9084  0.008819   0.01666         0
   250/299     9.49G  0.007616  0.005099         0   0.01272        15      1376    0.9934    0.9967    0.9963    0.9111  0.008799   0.01671         0
   251/299     9.49G  0.006579  0.005098         0   0.01168        10      1376    0.9934    0.9967    0.9963     0.908  0.008786   0.01675         0
   252/299     9.49G  0.006494  0.004763         0   0.01126         6      1376    0.9933    0.9967    0.9963    0.9117  0.008795   0.01675         0
   253/299     9.49G  0.006321   0.00494         0   0.01126        21      1376    0.9933    0.9967    0.9963    0.9121  0.008799   0.01677         0
   254/299     9.49G  0.006392  0.004895         0   0.01129         9      1376    0.9934    0.9967    0.9971    0.9102  0.008838    0.0168         0
   255/299     9.49G  0.007329  0.004777         0   0.01211         6      1376    0.9933    0.9967    0.9971    0.9085  0.008861   0.01685         0
   256/299     9.49G  0.006338  0.004907         0   0.01124        10      1376    0.9933    0.9967    0.9971    0.9103  0.008874   0.01692         0
   257/299     9.49G  0.006387  0.004687         0   0.01107        10      1376    0.9934    0.9967     0.997     0.909  0.008888   0.01697         0
   258/299     9.49G  0.006381  0.004496         0   0.01088        13      1376    0.9934    0.9967     0.997    0.9094  0.008879   0.01693         0
   259/299     9.49G  0.006341  0.004724         0   0.01107         6      1376    0.9934    0.9967    0.9963    0.9115  0.008849   0.01686         0
   260/299     9.49G  0.007699  0.004703         0    0.0124        11      1376    0.9933    0.9967    0.9971    0.9104  0.008815    0.0168         0
   261/299     9.49G  0.006294  0.004915         0   0.01121         7      1376    0.9934    0.9967    0.9971    0.9125  0.008827   0.01682         0
   262/299     9.49G  0.006582   0.00476         0   0.01134         8      1376    0.9934    0.9967    0.9972     0.914  0.008803   0.01683         0
   263/299     9.49G   0.00765  0.004833         0   0.01248        10      1376    0.9933    0.9967    0.9971    0.9136  0.008815   0.01687         0
   264/299     9.49G  0.006339    0.0046         0   0.01094        12      1376    0.9933    0.9967    0.9964    0.9123  0.008809   0.01686         0
   265/299     9.49G  0.006193  0.004728         0   0.01092        13      1376    0.9934    0.9967    0.9964    0.9091  0.008815   0.01681         0
   266/299     9.49G  0.006812  0.004731         0   0.01154         6      1376    0.9933    0.9967    0.9963    0.9093  0.008846   0.01684         0
   267/299     9.49G  0.007299  0.004494         0   0.01179         7      1376    0.9933    0.9967    0.9963    0.9104  0.008842   0.01681         0
   268/299     9.49G  0.006321  0.004803         0   0.01112         7      1376    0.9933    0.9967    0.9964    0.9131  0.008833   0.01679         0
   269/299     9.49G  0.006467  0.004772         0   0.01124         9      1376    0.9934    0.9967    0.9964    0.9101  0.008841   0.01687         0
   270/299     9.49G  0.006452  0.004804         0   0.01126         4      1376    0.9934    0.9967    0.9963    0.9092  0.008874   0.01695         0
   271/299     9.49G  0.006273  0.004708         0   0.01098         4      1376    0.9933    0.9967    0.9963    0.9079  0.008846   0.01691         0
   272/299     9.49G  0.006435  0.004747         0   0.01118         7      1376    0.9934    0.9967    0.9963    0.9082  0.008824    0.0169         0
   273/299     9.49G  0.006375    0.0047         0   0.01108        13      1376    0.9934    0.9967    0.9964    0.9085  0.008812   0.01686         0
   274/299     9.49G  0.006752  0.004748         0    0.0115         4      1376    0.9933    0.9967    0.9964    0.9092  0.008827   0.01688         0
   275/299     9.49G  0.006388  0.004605         0   0.01099         8      1376    0.9933    0.9967    0.9963    0.9096    0.0088   0.01684         0
   276/299     9.49G  0.007514  0.004883         0    0.0124         5      1376    0.9934    0.9967    0.9963    0.9098  0.008801   0.01689         0
   277/299     9.49G  0.006411  0.004854         0   0.01126         5      1376    0.9933    0.9967    0.9971    0.9096  0.008807   0.01686         0
   278/299     9.49G  0.006575   0.00486         0   0.01143        10      1376    0.9933    0.9967     0.997    0.9083   0.00881   0.01689         0
   279/299     9.49G  0.006243  0.004723         0   0.01097         8      1376    0.9934    0.9967    0.9971    0.9084  0.008807   0.01694         0
   280/299     9.49G  0.006364  0.004905         0   0.01127        12      1376    0.9934    0.9967    0.9971    0.9088  0.008795   0.01697         0
   281/299     9.49G  0.006635  0.005196         0   0.01183         8      1376    0.9934    0.9967    0.9964      0.91  0.008779   0.01695         0
   282/299     9.49G  0.006571  0.004927         0    0.0115         2      1376    0.9933    0.9967    0.9971    0.9113  0.008773   0.01691         0
   283/299     9.49G  0.006288  0.004743         0   0.01103         8      1376    0.9934    0.9967    0.9971    0.9093  0.008791   0.01693         0
   284/299     9.49G  0.006561  0.004271         0   0.01083         6      1376    0.9934    0.9967    0.9971    0.9096  0.008806   0.01698         0
   285/299     9.49G  0.008144  0.004793         0   0.01294         7      1376    0.9933    0.9967    0.9971    0.9108   0.00879   0.01696         0
   286/299     9.49G  0.007382  0.004819         0    0.0122         8      1376    0.9933    0.9967    0.9971    0.9101  0.008788   0.01693         0
   287/299     9.49G   0.00739  0.004968         0   0.01236         5      1376    0.9934    0.9967    0.9971    0.9102  0.008795    0.0169         0
   288/299     9.49G  0.006262  0.004543         0    0.0108         9      1376    0.9934    0.9967    0.9971     0.909   0.00882   0.01692         0
   289/299     9.49G  0.006482  0.004827         0   0.01131         9      1376    0.9934    0.9967    0.9964    0.9089  0.008803   0.01689         0
   290/299     9.49G  0.007306    0.0045         0   0.01181        12      1376    0.9934    0.9967    0.9971    0.9091  0.008799   0.01692         0
   291/299     9.49G  0.007347  0.004687         0   0.01203         5      1376    0.9934    0.9967    0.9971    0.9099  0.008809   0.01694         0
   292/299     9.49G  0.006315  0.004683         0     0.011         7      1376    0.9934    0.9967    0.9963    0.9086  0.008833   0.01696         0
   293/299     9.49G  0.007427  0.004661         0   0.01209         5      1376    0.9934    0.9967    0.9963    0.9098  0.008828   0.01696         0
   294/299     9.49G  0.006466  0.004991         0   0.01146        10      1376    0.9933    0.9967    0.9971    0.9101  0.008816   0.01692         0
   295/299     9.49G  0.006276   0.00483         0   0.01111        13      1376    0.9934    0.9967    0.9971    0.9114  0.008817   0.01695         0
   296/299     9.49G   0.00638  0.004875         0   0.01125        12      1376    0.9934    0.9967    0.9964    0.9106  0.008807   0.01694         0
   297/299     9.49G  0.007389  0.004712         0    0.0121        13      1376    0.9933    0.9967    0.9964    0.9104   0.00882   0.01695         0
   298/299     9.49G  0.007522  0.004824         0   0.01235         5      1376    0.9934    0.9967    0.9964     0.909  0.008836   0.01699         0
   299/299     9.49G  0.006441  0.004716         0   0.01116         5      1376    0.9933    0.9967    0.9964    0.9092  0.008827   0.01698         0
